1 0.136577892591315 -0.154704793416991
1 -0.942910367985463 -0.679372660115164
1 -1.57305797069489 3.95241194627726
1 -2.00574630168117 1.5190643430804
1 -1.84570931433116 2.62039963462977
1 -0.434430093736735 -0.0954731258632198
1 -1.82548195148401 3.35215996591027
1 -2.04863087323453 1.33778403694619
1 -0.277863217762917 0.65967701744201
1 -0.858853171463821 1.06651487961181
1 -1.83917469143846 0.995263733973887
1 -1.78722182088296 2.01111232406224
1 0.375527502726954 0.348181069881121
1 -2.6795196336464 2.21125093824229
1 -1.2802758579714 1.30564316089339
1 1.04507886983699 2.1055153194732
1 -2.10220391877796 2.12559408581347
1 -1.54147907838367 1.77496861551738
1 -0.745371998467616 0.43244641042848
1 -1.18400565551533 2.05725517992792
1 -1.45233605775765 1.29184787500997
1 -1.77904890976371 0.596284469294333
1 -1.03035953101015 3.34109221957136
1 -2.80310371874593 1.12655406872389
1 -1.8271677368736 2.17662532520269
1 -3.70060774227032 2.04232173980322
1 -2.90784594930155 0.357270267117421
1 -1.16305532645351 1.18363682186374
1 -1.29923488648379 3.56518076111831
1 0.223792114313899 0.868409427811606
1 0.611570296458537 1.44906945867595
1 -0.793395279876575 0.652337462941937
1 -2.42850677915439 2.00742395257796
1 -2.27082032326578 4.10039233284585
1 -1.77860929315933 1.24152103723371
1 -0.27751280895882 1.82010600318611
1 -2.37176025385338 1.9004969810496
1 -0.767135284772866 1.3584401989319
1 -1.13347075369098 2.22090312306739
1 -0.383693077665343 -0.0588462554688967
1 -2.58978891618739 2.02056739154784
1 -2.08172270123726 1.35040166621555
1 -2.25590449346613 2.73573799529084
1 -0.313677746670138 2.1378190099417
1 -0.283458445012414 1.7061987286524
1 -3.32355842975436 1.74416712908023
1 -2.22976783378679 3.23715563991999
1 -0.728151427611087 0.448698393436908
1 -2.10753458083818 1.38404627201257
1 0.0503670345625353 2.35400596289122
1 -0.88346198927666 0.189863644460434
1 -1.33557462983261 2.96823124439271
1 -0.731058838675735 3.14192436641767
1 -1.63677323086355 -0.768110041226048
1 0.902861511685506 0.461665027327347
1 -1.5816496027774 1.28297510004053
1 -1.80655698341802 2.80377965252113
1 -0.135412237934595 0.641148923391817
1 -2.04007157355106 1.45371302806587
1 -0.942294347535961 1.31567265628868
1 -2.85425450620363 2.21496877493307
1 -0.444130406064228 1.27972227411945
1 -1.13148352468517 -0.300640091347437
1 -1.69453607079296 3.79182769762323
1 -1.26839906234382 0.873831302923019
1 -1.43569047104308 0.309987414062431
1 -0.326609898323247 0.507470986503384
1 -3.40782902229078 1.30178575097795
1 -1.65214171201844 2.3952798057455
1 -2.15198974668203 1.13696632487849
1 -2.55898744727021 1.35641584044772
1 -2.86761291639895 1.74840370557961
1 -1.76443946307726 -0.474495337248369
1 -1.70721927827728 2.65522617540103
1 -2.25621211512173 1.48018704568509
1 0.219588470134075 3.25505620654397
1 -1.46271051927725 -0.392059329174764
1 -2.61468473702979 0.63943739665156
1 -1.96259561063384 2.06975821054366
1 -1.93312283832761 0.828088054027587
1 -3.11431638959722 2.70410566005869
1 0.76625452089047 1.11594463602461
1 -2.30952359585143 3.62555591175859
1 -1.89586509003836 2.35676119175769
1 -2.3185147550575 2.80415511476937
1 -1.10407935720499 1.27277732887451
1 -1.71924182277181 1.34194546356143
1 -2.00927744576405 2.19697491970447
1 -0.914048714796449 1.20450115301689
1 -0.763222508038538 0.937153062604309
1 -1.57423031144611 2.56087036616147
1 -1.1381430757338 1.80437143544344
1 -2.1963784956862 0.270324090303611
1 -1.90280388169136 2.47479258720604
1 -0.640560982348853 -0.386949212848388
1 -1.34121157757067 1.72205374253712
1 -1.330679344694 -1.07753639698379
1 -1.99962663931373 0.589141594514659
1 -1.07393316450964 1.22883716832678
1 -2.18278738076113 0.136902255751145
2 0.875779853793102 -0.0991959659636956
2 0.663231098848368 -1.92007726504978
2 2.08462110695551 -2.42448450857812
2 1.87228097890761 -1.18575307173314
2 1.51967277147606 -1.90185903329338
2 2.21428449333509 -0.731546234083618
2 0.84856114217952 -1.58255157856493
2 1.96164151092644 -2.35035217273295
2 0.221358146283969 -2.22128508384594
2 2.32337752001592 -1.16155599615418
2 2.33077843405389 -1.65845785579986
2 1.3931958114484 -0.22771409316267
2 0.475568388340205 -2.2442177254895
2 2.55720161152869 -2.28964740122217
2 2.10833866361229 -0.786369940898742
2 2.27897642674897 -2.01639368392134
2 0.941736848917014 -0.557205413527359
2 1.79073694973988 -1.73367507948283
2 -0.495113088704884 -2.99591525983145
2 1.57702711970671 -1.68762751897457
2 2.70165911673204 -2.36749535255102
2 1.92443305390719 -0.88543326873299
2 0.62603602740564 -0.0514174687831501
2 0.91644099332054 0.640162286685091
2 -0.527925790060417 -0.580036793875943
2 2.7727744966538 -2.46057087676246
2 0.734242100318808 -2.0199589739196
2 1.6292585647018 -0.0924851453847837
2 0.367293731234847 -1.82786629732956
2 1.26769454683852 -2.34930796045421
2 2.69676472142674 -1.57798485578376
2 1.34553108901785 -4.12549652722461
2 2.81015231441116 -0.772593614915316
2 1.0569419206172 -3.82165445439064
2 1.68700518516172 -1.47916086278911
2 -0.540614597913498 -2.03299863780666
2 1.11700598452943 -1.05896986753519
2 1.44055569155128 -1.57215345678503
2 1.71960347537402 -1.6633156297732
2 -0.0708593999484148 -2.79404827891904
2 2.64995020339511 0.468295138735694
2 2.12550784718283 -1.16309552453467
2 1.08698024334897 -1.41437082288021
2 1.96389220314084 -0.779064544447376
2 1.34081805345346 1.10484282027798
2 0.710239083856219 -0.514411130895686
2 -0.944582682838493 -2.54702345801362
2 4.20534245776643 -2.68739638198987
2 2.63529807961761 -1.19153537488067
2 1.48162423566069 -0.869699453983495
2 2.0840872595346 -0.223800180986266
2 1.55962500751899 -3.80072754553407
2 1.79744453866259 -0.235994943811337
2 1.8847080198628 -1.46941465497416
2 1.96397071572563 0.681664836726835
2 3.15231190342995 -0.765479616180328
2 1.29059108775425 -1.18105057817979
2 2.98259952339438 -3.05909054039403
2 0.0413974547773743 -1.43301060793506
2 -0.414261493155631 -1.75530797150435
2 1.44484971313124 -2.1299879068323
2 0.624800552399963 -0.69272628424009
2 1.20729251819343 -1.27433514629009
2 1.66312518284671 -2.4377711047311
2 0.956162753212462 -2.55571121388241
2 0.622104867814786 -1.79695243595638
2 2.84184021855453 -1.71509418161821
2 1.11843344407811 -3.47176151458329
2 1.84014494649036 -1.87104693563726
2 0.846793349737308 0.600654794387915
2 -0.0199521560808338 -1.68047086165345
2 0.671767004895428 -1.55809189407202
2 0.744958908948361 -2.98260367235996
2 2.49212216523629 -1.36063657873664
2 2.6227980163221 -0.552943284631354
2 0.669957327617208 -0.972557086639044
2 1.3152554693944 0.0171005018931711
2 0.561472361206936 -2.01361714408147
2 1.79461791579782 -0.959602053656317
2 0.923619367344069 -3.18662436540744
2 1.91778600732192 -1.36281671635359
2 0.234818136145275 -1.39989285439523
2 1.93023297639394 -2.77853547992801
2 1.07649538925014 -0.578595974438191
2 0.487551003611858 -0.845623907480986
2 2.16807036571435 -1.92082308575981
2 1.23510725931172 -2.21347786399033
2 0.483753075041662 -1.77649106179616
2 1.93141654553847 -1.53157688016759
2 1.74015160060738 -2.66506320883627
2 2.61175306572063 -2.53215800165472
2 1.9116774598279 -1.02811740270622
2 1.62391315240063 -1.1213019653732
2 0.611419736798322 -2.63746542018093
2 0.166178598820611 -1.54143247450174
2 2.94919310311096 -1.3611710951585
2 1.94205370190176 -1.01414913116286
2 0.565395002377365 0.186644217448272
2 0.961866558382479 -0.45991466914365
2 1.97611571928143 -2.47817980064883
2 0.380789991185313 -1.57115322286472
2 1.28119452300858 -2.42338038452889
2 2.17619146785643 -2.28641377102583
2 2.34028578189324 -2.29598533166861
2 1.88386884289893 -1.44157454315585
2 1.24737048641259 0.356598070427101
2 2.32498880285789 -1.43517086174942
2 1.74906697410511 -2.21445986884602
2 0.799667049442646 -0.1311991537288
2 -0.509422502883707 -0.352556269425258
2 2.83072788761723 -2.26081798370447
2 1.50637783600321 -2.68701905079193
2 3.43286369765647 -0.936005804568152
2 0.64251449102282 -2.07499897071958
2 2.53106253240164 -2.2795385157983
2 1.68481644186687 -0.0793359120300361
2 3.5499149430487 -3.15255706759816
2 1.25467987416047 -0.367154508715053
2 2.51096772471923 -2.21449036762708
2 0.972430188743669 -0.0554424476278255
2 1.61371616348517 -2.64080365909651
2 0.952772995394957 -3.02172620323397
2 1.73105077682248 -1.43586307919013
2 0.772222191643694 -1.70773517716664
2 0.326635846679646 -3.1024971819146
2 2.36668056289976 0.666383317488481
2 2.42648935971727 -1.66016777548239
2 0.918232629122807 -2.29905311604324
2 1.03966922766741 -0.965766254207874
2 1.22122776703264 -1.78613595733467
2 1.5731569553985 -2.16606812701464
2 2.87004145710973 -2.02412409519172
2 1.45822721806478 -2.17940387059874
2 2.70611076232619 -1.41546594991116
2 1.8202265356132 -2.20600173287338
2 -0.414639242361973 0.170338958455994
2 1.03805265413688 -3.46610574687727
2 2.14206042406954 -1.85509357883942
2 -0.635589615183913 -1.07825106158303
2 1.42991667825088 -1.31149555639075
2 1.01309341669121 -2.07425228457715
2 2.35152770422677 -1.66762824887017
2 2.23153787531329 -1.97179418164203
2 1.51204311595648 -2.10691702948847
2 3.16034060065327 -1.16232214129842
2 2.96300077490704 -3.68234775019846
2 2.93508225341401 0.367330265907124
2 3.61987719442373 -1.08458986802787
2 1.76603168652125 -1.23873546829482
2 3.08534221288656 -1.8032416761977
2 0.216988206106597 -1.51941923842455
2 1.46819539539468 -1.27799195014869
2 1.9809663395035 -1.1202175057273
2 -0.490828787297851 -1.38758905665423
2 1.7127893420345 -1.82148820313945
2 1.44213332887265 -0.836404715327037
2 2.88918038075657 -0.540549317097499
2 1.68747187815741 -2.01661179096712
2 2.07959103634777 -2.5113196399195
2 0.573054116607905 -2.73878595045765
2 2.10950927204361 -1.66906140051396
2 -0.192435635430604 -1.63199325844367
2 1.72038510135961 -1.74898754735398
2 1.96478525712703 -0.918597959910853
2 3.08531516648887 -0.771728744843938
2 0.181540901708918 -2.15670618114838
2 2.11555182394018 -1.03461625508979
2 0.0602787946558583 -1.43086488730623
2 0.439491059223817 -1.95041676923316
2 1.84100775716553 -1.13396416130368
2 3.89534316174658 -1.38495195387803
2 1.84103958392643 -1.91692803859968
2 3.40162028907982 -1.17742387357691
2 1.65473603407563 -2.15948941200227
2 1.30249454704033 -0.351890990562996
2 1.29761945854516 -2.35739608989379
2 0.685027747333913 -1.78144948178299
2 0.174613522011791 -1.30358376138862
2 0.255084473997608 -1.04535385409769
2 2.06034700454245 -1.76898471032598
2 0.676595306410062 -2.05698909676054
2 1.80811009227313 -0.468899058004732
2 2.99425332630633 -1.21948646113314
2 2.57278904580515 -1.57122783192847
2 1.85367649218851 -1.49559447130212
2 0.070721482714128 0.495006380671098
2 0.661507544455235 -0.726240436317306
2 1.26565786054791 -1.36035771683189
2 3.91309159897496 1.03318868716697
2 1.25165876584023 -0.411097705077685
2 0.351484432107852 -0.720363075394571
2 0.59114803597456 -3.8000745979079
2 0.891781161693181 -0.32030228574886
2 2.24671989400875 -1.96726195246912
2 2.24473095342125 -0.831503304502308
2 1.03318999878617 -1.56228993785901
2 0.757955464891417 -1.37825918122427
2 0.404467837034753 0.901638936515415
2 2.92073211984808 -0.436399196110008
2 -1.24707605786851 -1.27926171301021
3 0.941463955875959 -0.877145355210251
3 1.83396196019762 0.371876670453989
3 1.29712984650456 1.50137108842843
3 2.10393603426718 0.667417961125106
3 1.88232939830768 1.9817266773423
3 2.15021418521342 2.02017483023069
3 0.590225130490295 0.707321889373676
3 1.27190251756148 1.18430085174118
3 1.38921970044712 0.00395271493500182
3 0.732899904170675 -0.0399215173195202
3 0.623435397648233 1.17188261036149
3 -0.0483837608041509 2.00303048804946
3 1.80838444065602 1.77375342832968
3 2.29947791331734 1.62308365434355
3 0.458933536311669 2.41754835797399
3 -0.239412127709074 0.503661615398816
3 2.02011310814467 1.46715699068484
3 3.00804899132856 1.6417092718326
3 0.214132130448064 0.651452714336479
3 2.73369600903764 2.01474383919191
3 1.16337556706686 1.69368348878949
3 2.10060588040732 3.04253429358545
3 2.44455520424456 2.19843315513083
3 2.79289579935074 -0.499493777359798
3 1.55416358838558 1.68280631721531
3 1.53412341750878 1.42982064009061
3 1.98282929867215 1.22186866567359
3 2.4225779642544 -0.0135655454979791
3 0.0713240277421592 1.7103753517603
3 -0.133206303524453 1.97547664382326
3 0.765261868714817 0.742972822475928
3 -0.870672233577276 2.40345628668585
3 1.57884869858352 1.59439130349165
3 0.985170943310861 0.432939740512854
3 2.87204052525754 2.22745402687752
3 2.55774827070679 3.1657549794169
3 1.58079194738168 0.243537237588449
3 -0.100902112561797 0.325829342606021
3 0.413710847197496 -0.618937536555069
3 2.22946628521794 0.36128787939739
3 0.971256845942558 0.0211121046926028
3 2.68192357070182 1.8993213866154
3 2.72644483869396 1.99101762848729
3 1.4930032242609 2.70512842471871
3 1.2561189691021 2.64582117616837
3 -0.234443070796578 2.19195949717543
3 1.39606893298678 2.53845591842609
3 2.65438623781261 -0.566999401288557
3 2.38421459594213 2.04338986973871
3 1.32435986768092 2.35202195101642
3 2.23347335386575 2.82583168131658
3 1.21698443103288 0.920407866631567
3 -0.438920529355017 2.4802091781732
3 1.04908340323179 0.887748165391396
3 2.47834842472968 0.690189367896743
3 -1.22809351997307 0.686589389294529
3 0.626385520315039 2.39946160279802
3 1.0576600231338 3.07495022094758
3 1.08901860832595 1.8861113648594
3 1.05554662022325 0.701438422748263
3 1.33927323038976 1.99041910240681
3 2.736689548893 1.93743893398809
3 2.8460188118604 3.20312717667684
3 0.111352630264304 2.78992187643304
3 1.30464681649213 -0.36857873514662
3 2.03635692321292 2.0733287635024
3 2.2455804343961 0.369056012351784
3 1.47098316147104 0.734207866682761
3 1.81869166463447 -1.00156978371379
3 2.93265652609757 1.81859958837943
3 1.18612039829658 2.91076872766177
3 0.759051976765396 1.42470704795224
3 0.234426142314004 2.25766156497915
3 1.57872607274269 2.00586804949192
3 2.06786553530688 0.525717701221005
3 2.17881946563847 1.13856129424384
3 2.44607102530139 1.35439563751114
3 2.52273931975608 0.884210523515046
3 2.09055583786463 1.01790535626009
3 0.666055854496629 1.26157111951106
3 -0.0165618584028457 -1.10648873798498
3 1.85994859030638 2.55404915293672
3 1.2871906946571 1.23898845912784
3 0.624524678570137 0.895254984844482
3 0.96344329990518 1.4985156592284
3 1.24903050851135 2.01300493285541
3 0.401029010560868 1.62710089552447
3 3.26794720211861 1.14460165290517
3 -0.526424290645627 2.92389762860048
3 0.271715651534921 0.0450940765108652
3 2.92309260194581 0.888537478127574
3 1.33538171904829 2.23690186917933
3 2.6068528710774 2.01847459728265
3 0.936775958823082 1.10044936820916
3 1.60723144474616 1.50492844757465
3 3.41437535780433 2.49254185604508
3 0.905493324236292 1.81070878948566
3 0.45999943425104 0.0953128354999426
3 0.220226950375915 0.191540629059305
3 1.42087630531874 0.300282054367538
3 2.6978906052572 3.34187506500915
3 3.08506310466477 3.15199046682361
3 0.697962261161721 2.74811084545445
3 1.88681302764603 1.48911075787199
3 0.865345914500055 1.76121327030594
3 -1.19304863928739 1.95952242008381
3 2.53387414260194 1.49519933373815
3 1.39542245678172 1.52315031140207
3 0.476930292952916 2.13592633798253
3 1.00608130820404 1.20835194979431
3 0.965467313239026 1.04698132017202
3 2.61204537039858 2.40544467433094
3 1.145960108233 1.42093958618037
3 0.0778907568898424 2.42313408784853
3 -0.866522333176747 1.03540260863267
3 3.00605371609747 1.04184352315569
3 2.65840316111006 1.96968252166614
3 1.04699734325855 3.4135244200941
3 1.26979733623754 0.00853928048453501
3 0.212851834138523 -0.426633087308483
3 3.64857350120663 1.66608011864526
3 2.37268589699633 2.37080491933007
3 2.59695059996529 0.780844010698852
3 1.94485185470847 0.00639826708794677
3 2.12899180534283 0.112500053715106
