1.00 3.00 2.25
0.00 0.00 2.25
1.00 0.00 10.13
1.00 0.00 1.13
0.00 0.00 5.63
0.00 8.00 34.88
0.00 4.00 11.25
1.00 2.00 4.50
1.00 1.00 12.38
0.00 1.00 13.50
1.00 2.00 1.13
1.00 0.00 1.13
1.00 0.00 0.00
0.00 2.00 0.00
0.00 6.00 7.88
1.00 0.00 1.13
0.00 2.00 3.38
0.00 0.00 0.00
0.00 0.00 1.13
1.00 0.00 5.63
0.00 0.00 3.38
1.00 0.00 3.38
1.00 3.00 3.38
0.00 0.00 13.50
0.00 1.00 1.13
1.00 2.00 1.13
0.00 0.00 2.25
1.00 0.00 0.00
0.00 6.00 6.75
0.00 2.00 0.00
0.00 4.00 10.13
0.00 0.00 6.75
0.00 0.00 11.25
0.00 2.00 25.83
1.00 7.00 10.13
0.00 4.00 5.63
1.00 3.00 3.38
0.00 1.00 0.00
1.00 1.00 1.13
0.00 0.00 2.25
1.00 1.00 22.50
1.00 2.00 2.25
1.00 0.00 0.00
1.00 1.00 1.13
1.00 0.00 0.00
1.00 1.00 5.63
0.00 0.00 0.00
1.00 0.00 1.13
1.00 3.00 11.25
1.00 0.00 1.13
1.00 0.00 0.00
1.00 0.00 0.00
1.00 3.00 14.63
0.00 1.00 7.88
1.00 1.00 3.38
1.00 0.00 1.13
1.00 0.00 1.13
1.00 1.00 0.00
1.00 0.00 2.25
1.00 0.00 0.00
1.00 0.00 5.63
1.00 0.00 13.50
0.00 0.00 12.38
1.00 3.00 2.25
1.00 0.00 0.00
1.00 0.00 1.13
1.00 1.00 11.25
0.00 5.00 6.75
1.00 0.00 0.00
0.00 0.00 0.00
0.00 1.00 5.63
0.00 0.00 4.50
1.00 0.00 0.00
0.00 0.00 0.00
0.00 2.00 6.75
1.00 4.00 0.00
0.00 6.00 15.75
1.00 0.00 5.63
1.00 6.00 4.50
1.00 0.00 0.00
0.00 0.00 1.13
1.00 0.00 4.50
0.00 2.00 1.13
0.00 2.00 0.00
1.00 0.00 2.25
0.00 4.00 21.38
0.00 2.00 4.50
0.00 0.00 18.00
0.00 0.00 1.13
0.00 2.00 1.13
1.00 1.00 1.13
0.00 5.00 11.25
1.00 0.00 12.38
0.00 0.00 12.38
0.00 4.00 20.25
0.00 3.00 12.38
1.00 0.00 1.13
0.00 0.00 4.50
1.00 0.00 3.38
1.00 1.00 5.63
1.00 1.00 5.63
0.00 0.00 1.13
0.00 0.00 4.50
0.00 3.00 13.50
1.00 3.00 3.38
1.00 5.00 2.25
0.00 0.00 0.00
1.00 1.00 3.38
1.00 0.00 0.00
1.00 3.00 4.50
1.00 0.00 1.13
1.00 0.00 3.38
0.00 0.00 3.38
0.00 0.00 3.38
1.00 0.00 3.38
1.00 0.00 3.38
1.00 0.00 5.63
1.00 0.00 1.13
0.00 0.00 0.00
1.00 1.00 1.13
0.00 3.00 7.88
0.00 2.00 10.13
0.00 7.00 12.38
1.00 0.00 0.00
1.00 1.00 1.13
1.00 1.00 9.00
1.00 1.00 15.75
0.00 3.00 2.25
1.00 0.00 7.88
1.00 0.00 3.38
1.00 0.00 6.75
0.00 2.00 3.38
1.00 2.00 2.25
0.00 2.00 9.00
1.00 0.00 0.00
1.00 0.00 2.25
1.00 1.00 4.50
1.00 2.00 2.25
0.00 3.00 6.75
1.00 3.00 1.13
1.00 1.00 4.50
0.00 0.00 7.04
1.00 0.00 0.00
1.00 5.00 2.25
1.00 6.00 4.50
1.00 6.00 0.00
0.00 2.00 2.25
1.00 0.00 0.00
0.00 0.00 0.00
1.00 1.00 0.00
0.00 2.00 3.38
1.00 0.00 5.63
0.00 1.00 5.63
0.00 0.00 1.13
1.00 5.00 6.75
0.00 0.00 3.38
0.00 0.00 1.13
1.00 0.00 4.50
1.00 0.00 9.39
1.00 1.00 3.38
0.00 0.00 12.38
1.00 6.00 12.38
0.00 1.00 7.88
1.00 0.00 10.57
1.00 0.00 14.63
1.00 4.00 16.88
0.00 2.00 21.38
1.00 1.00 2.25
1.00 0.00 1.13
0.00 2.00 1.13
1.00 0.00 0.00
0.00 4.00 1.13
0.00 6.00 0.00
1.00 2.00 9.00
0.00 1.00 5.63
1.00 5.00 0.00
1.00 1.00 2.25
0.00 3.00 6.75
0.00 1.00 11.25
1.00 5.00 2.25
0.00 0.00 2.25
0.00 0.00 0.00
1.00 9.00 11.25
0.00 1.00 13.50
1.00 2.00 4.50
0.00 3.00 12.38
1.00 0.00 6.75
1.00 0.00 1.13
1.00 4.00 0.00
1.00 0.00 1.13
0.00 2.00 9.00
1.00 1.00 11.25
0.00 2.00 6.75
0.00 0.00 4.50
0.00 5.00 12.38
0.00 0.00 7.88
1.00 0.00 1.13
1.00 4.00 1.13
0.00 8.00 20.25
1.00 0.00 1.13
1.00 7.00 1.13
0.00 3.00 1.13
1.00 0.00 1.13
1.00 3.00 3.38
0.00 2.00 16.88
0.00 0.00 2.25
0.00 1.00 2.25
0.00 0.00 0.00
0.00 0.00 9.00
1.00 8.00 2.25
0.00 3.00 1.13
1.00 0.00 6.75
1.00 0.00 0.00
0.00 2.00 2.25
1.00 1.00 4.50
0.00 1.00 4.50
1.00 0.00 2.25
1.00 0.00 0.00
0.00 0.00 0.00
0.00 1.00 4.50
0.00 1.00 0.00
0.00 6.00 12.38
0.00 0.00 0.00
0.00 0.00 5.63
0.00 0.00 2.25
0.00 3.00 7.88
0.00 1.00 13.50
0.00 4.00 4.50
0.00 0.00 4.50
1.00 2.00 2.25
0.00 0.00 16.88
0.00 1.00 1.13
0.00 0.00 6.75
0.00 0.00 1.13
0.00 1.00 2.25
1.00 0.00 1.13
1.00 1.00 0.00
0.00 0.00 1.13
1.00 0.00 0.00
1.00 6.00 12.38
0.00 3.00 6.75
1.00 0.00 7.04
0.00 0.00 2.25
0.00 3.00 2.35
1.00 0.00 2.25
0.00 6.00 13.50
1.00 2.00 1.13
0.00 6.00 19.13
0.00 0.00 3.38
0.00 1.00 10.13
1.00 1.00 2.25
1.00 1.00 0.00
1.00 0.00 0.00
0.00 2.00 6.75
1.00 0.00 0.00
0.00 4.00 4.50
1.00 0.00 0.00
0.00 0.00 5.63
1.00 0.00 19.13
0.00 2.00 16.88
0.00 4.00 2.25
1.00 3.00 4.50
1.00 0.00 0.00
0.00 1.00 3.38
1.00 0.00 0.00
1.00 1.00 1.13
0.00 2.00 3.38
1.00 0.00 2.25
